0 1 
1 2 
2 3 
3 4 
4 5 
5 6 
6 7 
7 8 
8 9 
9 10 
10 11 
11 12 
12 13 
13 14 
14 15 
15 16 
16 17 
17 18 
18 19 
19 20 
20 21 
21 22 
22 23 
23 24 
24 25 
25 26 
26 27 
27 28 
28 29 
29 30 
30 31 
31 32 
32 33 
33 34 
34 35 
35 36 
36 37 
37 38 
38 39 
39 40 
40 41 
41 42 
42 43 
43 44 
44 45 
45 46 
46 47 
47 48 
48 49 
49 50 
50 51 
51 52 
52 53 
53 54 
54 55 
55 56 
56 57 
57 58 
58 59 
59 60 
60 61 
61 62 
62 63 
63 64 
64 65 
65 66 
66 67 
67 68 
68 69 
69 70 
70 71 
71 72 
72 73 
73 74 
74 75 
75 76 
76 77 
77 78 
78 79 
79 80 
80 81 
81 82 
82 83 
83 84 
84 85 
85 86 
86 87 
87 88 
88 89 
89 90 
90 91 
91 92 
92 93 
93 94 
94 95 
95 96 
96 97 
97 98 
98 99 
92 44 
28 87 
60 83 
70 13 
67 17 
69 42 
22 71 
8 44 
59 86 
24 0 
18 64 
53 26 
33 14 
33 78 
52 18 
17 74 
70 35 
89 23 
65 22 
92 47 
49 8 
32 79 
89 15 
24 59 
78 15 
1 67 
1 93 
45 66 
57 88 
62 45 
36 38 
8 61 
91 96 
90 19 
19 54 
2 45 
38 34 
87 95 
78 4 
11 80 
73 85 
97 42 
89 86 
73 96 
23 79 
48 42 
81 19 
14 63 
84 66 
80 81 
41 14 
55 56 
5 46 
25 34 
80 38 
89 92 
8 99 
71 68 
44 62 
92 70 
34 59 
7 30 
74 75 
16 61 
84 76 
22 48 
20 92 
70 54 
57 66 
59 84 
51 20 
72 78 
94 31 
18 5 
79 32 
40 72 
49 91 
30 93 
42 28 
98 55 
57 76 
63 50 
20 84 
73 31 
3 69 
29 66 
76 70 
14 37 
24 71 
52 14 
22 87 
48 42 
88 67 
86 35 
60 4 
70 47 
68 17 
38 46 
7 36 
51 53 
34 64 
49 99 
12 52 
79 58 
16 37 
13 19 
12 36 
41 70 
10 8 
96 90 
23 45 
26 23 
64 47 
50 93 
69 77 
21 44 
45 59 
41 52 
75 52 
47 87 
8 33 
79 95 
91 71 
62 74 
42 70 
10 44 
25 64 
9 52 
53 62 
43 19 
35 5 
99 36 
25 77 
69 37 
18 33 
49 12 
67 72 
47 43 
34 36 
24 28 
33 44 
8 49 
32 81 
80 45 
61 77 
81 92 
7 85 
69 31 
6 98 
88 40 
54 33 
94 28 
59 47 
56 41 
30 0 
4 8 
81 84 
86 75 
56 51 
81 20 
21 23 
73 22 
60 67 
48 92 
78 3 
77 92 
70 86 
95 68 
5 91 
22 11 
90 88 
39 83 
87 35 
30 49 
30 66 
47 6 
33 94 
39 99 
2 48 
75 63 
39 48 
20 94 
32 28 
34 3 
95 91 
99 92 
19 52 
2 17 
28 95 
44 51 
90 76 
73 23 
50 70 
85 91 
96 64 
63 77 
71 7 
31 24 
41 90 
29 13 
70 79 
6 51 
92 87 
4 85 
9 73 
36 92 
27 64 
43 65 
26 20 
95 59 
45 60 
25 59 
87 2 
48 12 
62 66 
47 24 
31 100 
94 63 
16 22 
28 77 
11 12 
67 100 
22 25 
47 98 
58 46 
13 63 
63 85 
49 0 
14 67 
47 75 
70 60 
27 58 
12 93 
47 48 
58 98 
89 10 
90 29 
50 37 
76 86 
34 70 
95 85 
93 41 
61 0 
41 100 
60 84 
58 0 
50 71 
19 48 
96 5 
23 27 
82 12 
29 80 
63 11 
30 47 
95 94 
29 63 
80 61 
73 8 
18 77 
91 57 
73 62 
99 42 
6 93 
84 58 
65 84 
29 77 
83 98 
8 64 
94 25 
32 11 
58 88 
83 62 
8 81 
73 29 
48 6 
71 26 
98 8 
70 40 
29 48 
58 70 
70 36 
73 28 
60 54 
59 72 
22 39 
29 78 
32 91 
28 89 
85 12 
88 36 
17 24 
56 41 
7 52 
11 95 
55 49 
18 24 
36 51 
20 50 
74 7 
34 87 
65 57 
58 9 
48 54 
92 48 
7 33 
24 72 
1 51 
24 67 
77 28 
44 93 
9 18 
39 37 
14 10 
26 60 
15 2 
55 23 
9 68 
4 79 
20 45 
72 27 
72 37 
25 0 
61 20 
87 100 
90 31 
34 10 
4 36 
61 94 
50 65 
44 15 
97 100 
100 18 
61 99 
69 45 
58 94 
11 43 
47 58 
31 52 
26 93 
63 58 
61 91 
36 26 
83 66 
70 8 
29 3 
0 63 
7 66 
10 63 
40 94 
49 74 
10 31 
62 38 
88 38 
61 13 
19 51 
54 27 
79 42 
80 25 
35 51 
88 94 
3 63 
84 66 
59 74 
28 66 
61 89 
90 78 
91 51 
35 87 
48 57 
96 27 
44 94 
85 58 
88 17 
59 41 
9 100 
25 54 
80 32 
55 1 
76 66 
28 83 
37 45 
17 100 
55 33 
17 4 
34 64 
94 43 
98 49 
73 55 
15 64 
85 82 
73 29 
40 94 
50 91 
22 37 
24 31 
70 94 
9 94 
28 95 
22 20 
72 69 
81 70 
96 22 
58 91 
72 23 
7 86 
14 47 
13 37 
22 65 
90 71 
96 30 
44 98 
18 38 
23 36 
20 84 
42 47 
59 24 
76 9 
31 97 
87 96 
4 23 
26 53 
77 72 
14 83 
24 25 
10 57 
66 98 
10 97 
34 54 
14 8 
59 29 
91 20 
96 28 
44 22 
39 26 
30 79 
6 14 
93 46 
30 25 
98 62 
27 71 
42 90 
97 73 
38 88 
88 67 
32 44 
32 100 
90 79 
98 55 
50 17 
35 50 
14 67 
75 36 
61 92 
92 40 
1 90 
66 10 
50 51 
27 88 
52 99 
13 61 
49 97 
43 73 
62 79 
74 86 
58 68 
93 81 
48 86 
77 24 
2 97 
44 98 
8 18 
25 97 
34 60 
10 18 
75 9 
78 41 
61 89 
48 47 
23 12 
16 52 
9 30 
22 67 
76 43 
66 53 
54 16 
91 3 
38 4 
44 36 
84 35 
56 15 
33 6 
48 57 
27 54 
88 40 
80 15 
6 87 
35 4 
66 68 
11 2 
85 44 
34 19 
50 38 
64 33 
11 69 
52 50 
86 50 
6 29 
86 85 
82 46 
7 72 
36 34 
68 33 
24 34 
44 73 
73 100 
36 67 
94 76 
4 7 
27 7 
34 18 
14 55 
3 15 
22 95 
27 60 
37 8 
3 71 
75 87 
72 43 
42 86 
23 82 
83 20 
74 62 
62 17 
81 17 
56 51 
80 94 
80 39 
43 63 
15 21 
99 100 
48 90 
76 96 
90 52 
25 87 
78 17 
72 27 
83 6 
69 5 
82 20 
60 40 
41 69 
96 78 
41 87 
54 4 
95 63 
6 13 
58 98 
33 53 
89 99 
41 35 
88 30 
0 11 
68 84 
37 35 
44 37 
46 41 
82 91 
46 89 
52 59 
30 28 
11 35 
11 68 
10 41 
1 21 
44 94 
41 72 
60 72 
26 39 
81 76 
87 50 
9 87 
84 91 
75 35 
91 90 
87 6 
75 95 
82 76 
15 26 
61 0 
31 48 
53 38 
18 56 
27 7 
24 83 
82 68 
98 86 
18 87 
47 52 
57 92 
92 71 
27 75 
47 82 
35 17 
51 79 
39 72 
35 8 
60 75 
56 31 
29 33 
95 0 
96 78 
73 49 
18 85 
89 51 
54 48 
61 62 
69 80 
75 42 
2 54 
30 68 
75 31 
40 75 
38 9 
54 34 
39 85 
45 74 
62 43 
63 88 
36 92 
64 54 
71 58 
49 30 
2 68 
65 0 
49 88 
59 56 
9 79 
78 8 
30 20 
19 0 
20 51 
45 28 
51 54 
61 21 
100 48 
52 41 
95 20 
84 81 
28 98 
53 91 
66 39 
0 56 
45 53 
100 14 
61 1 
39 46 
19 45 
41 3 
16 24 
93 41 
74 53 
59 8 
10 14 
45 28 
42 94 
88 21 
76 26 
26 35 
84 33 
59 79 
87 74 
74 12 
42 53 
7 9 
58 70 
38 45 
36 43 
81 15 
83 49 
71 48 
35 33 
96 16 
75 78 
50 59 
86 8 
4 25 
54 3 
52 0 
22 46 
89 85 
12 8 
11 40 
88 71 
68 86 
70 71 
81 23 
89 98 
86 89 
90 0 
55 42 
20 9 
86 12 
27 77 
80 35 
23 89 
50 26 
60 33 
45 40 
80 23 
31 74 
88 9 
92 17 
43 68 
96 53 
12 17 
61 41 
31 48 
25 47 
55 45 
87 85 
34 7 
83 82 
17 19 
6 50 
49 17 
41 84 
98 32 
47 91 
15 53 
30 0 
62 82 
88 6 
53 99 
14 48 
35 99 
61 93 
15 95 
93 4 
11 79 
57 95 
17 59 
84 47 
64 76 
40 90 
16 74 
78 11 
46 45 
49 85 
59 78 
52 84 
65 35 
10 21 
66 34 
51 26 
68 82 
67 35 
79 49 
21 96 
55 54 
20 3 
65 67 
83 100 
57 12 
39 40 
18 51 
70 15 
34 95 
40 63 
62 36 
7 77 
38 24 
85 51 
74 91 
33 25 
67 100 
25 57 
63 93 
46 60 
52 95 
68 74 
5 64 
20 4 
76 78 
47 11 
2 93 
45 47 
68 63 
49 61 
8 5 
25 34 
61 75 
25 34 
68 99 
31 40 
35 92 
23 15 
52 26 
29 78 
16 59 
67 79 
94 3 
79 70 
60 8 
38 75 
41 52 
59 57 
75 65 
86 79 
83 11 
6 35 
20 84 
37 48 
28 97 
40 31 
37 31 
1 61 
14 12 
71 11 
20 88 
82 40 
32 13 
15 99 
45 74 
70 20 
49 53 
82 80 
39 88 
50 71 
97 68 
27 46 
25 89 
10 59 
89 6 
79 19 
93 41 
21 52 
29 93 
96 81 
52 97 
76 90 
61 34 
60 68 
33 88 
96 14 
29 47 
93 59 
81 30 
2 95 
73 66 
88 10 
24 57 
32 22 
84 9 
82 32 
100 66 
41 69 
17 92 
100 44 
73 93 
58 33 
32 90 
44 2 
34 52 
68 24 
37 75 
86 59 
84 45 
91 44 
89 1 
89 22 
83 68 
14 82 
94 13 
81 27 
37 15 
61 54 
5 56 
25 94 
93 13 
80 0 
52 8 
32 63 
68 2 
95 9 
6 12 
41 7 
56 14 
51 42 
41 38 
83 56 
14 98 
60 3 
46 21 
33 29 
14 56 
59 71 
91 92 
13 52 
42 10 
88 66 
87 65 
99 88 
96 54 
62 64 
18 73 
66 36 
73 33 
86 46 
39 24 
70 62 
61 35 
96 94 
19 70 
40 94 
58 84 
12 47 
72 16 
20 27 
84 70 
4 50 
39 75 
11 82 
96 42 
2 30 
21 95 
38 48 
82 66 
92 6 
12 1 
22 13 
68 63 
69 25 
40 70 
92 27 
62 72 
11 17 
90 73 
28 16 
64 45 
70 33 
13 59 
9 39 
67 69 
4 27 
24 43 
90 33 
86 31 
97 18 
60 32 
7 85 
28 86 
87 0 
5 71 
2 16 
42 12 
57 28 
65 84 
44 4 
13 50 
26 98 
68 55 
96 16 
48 50 
80 12 
1 19 
38 3 
100 27 
55 20 
52 44 
89 70 
27 45 
97 16 
31 79 
29 69 
69 63 
11 96 
80 0 
15 21 
93 90 
44 22 
50 37 
74 37 
11 29 
87 17 
95 92 
33 92 
69 37 
18 55 
98 64 
35 91 
86 99 
74 5 
2 7 
38 66 
86 76 
99 39 
35 65 
37 90 
30 92 
95 0 
83 49 
94 17 
40 78 
86 19 
1 57 
82 84 
61 58 
72 64 
32 53 
7 91 
88 86 
98 78 
28 30 
34 52 
37 43 
46 86 
65 91 
90 6 
53 58 
28 61 
23 81 
4 92 
64 36 
81 36 
33 84 
7 25 
44 54 
36 0 
58 85 
76 77 
43 51 
42 5 
72 98 
5 9 
94 47 
94 39 
64 28 
28 84 
30 36 
97 10 
49 28 
23 19 
53 95 
15 55 
71 94 
90 13 
27 74 
17 68 
0 73 
17 3 
61 15 
97 90 
97 23 
33 10 
68 29 
59 46 
39 46 
94 72 
25 81 
72 53 
95 70 
45 4 
1 74 
12 24 
4 46 
98 65 
28 52 
65 97 
29 35 
90 52 
57 66 
95 36 
26 30 
77 45 
8 84 
16 38 
11 76 
80 36 
90 49 
42 35 
68 37 
53 27 
58 2 
62 25 
28 63 
7 61 
37 10 
31 60 
20 78 
26 1 
86 8 
3 71 
58 87 
19 88 
63 28 
9 14 
58 56 
53 46 
24 99 
78 60 
88 11 
44 47 
36 35 
71 70 
28 67 
25 72 
43 17 
57 20 
82 42 
77 31 
93 16 
27 99 
16 69 
14 91 
83 10 
90 17 
37 33 
78 52 
72 49 
88 45 
95 47 
56 35 
82 85 
4 51 
16 99 
83 52 
5 92 
97 65 
2 53 
21 37 
90 19 
59 99 
35 52 
61 32 
84 50 
47 97 
89 72 
86 50 
15 60 
8 77 
100 56 
27 26 
37 30 
94 87 
84 10 
3 28 
26 39 
90 62 
60 39 
98 26 
41 43 
39 3 
82 100 
80 100 
69 31 
33 97 
100 52 
67 58 
21 33 
91 88 
71 75 
67 30 
59 20 
97 82 
24 91 
25 11 
30 58 
42 48 
7 81 
57 59 
36 6 
58 22 
89 25 
95 61 
32 75 
97 85 
10 11 
70 43 
64 97 
12 83 
35 37 
3 57 
90 36 
5 2 
94 37 
95 32 
15 96 
9 82 
98 65 
56 96 
50 42 
53 73 
100 89 
13 12 
0 77 
95 5 
63 65 
46 2 
15 45 
19 84 
4 3 
67 72 
34 89 
70 44 
82 33 
42 85 
43 1 
2 61 
89 88 
70 45 
51 31 
94 4 
21 58 
43 81 
30 21 
56 51 
99 20 
73 85 
31 54 
77 11 
30 34 
15 13 
21 2 
52 3 
25 78 
100 69 
69 2 
16 97 
52 93 
38 48 
12 86 
90 19 
93 34 
43 88 
17 34 
67 40 
28 34 
74 56 
49 33 
89 51 
27 24 
29 36 
40 52 
58 90 
92 84 
95 77 
97 58 
30 20 
51 5 
48 73 
14 55 
31 81 
20 90 
36 25 
93 55 
68 35 
92 45 
26 88 
41 43 
7 63 
21 90 
97 37 
88 24 
27 94 
95 31 
56 26 
95 71 
21 86 
49 5 
53 42 
36 68 
31 41 
10 91 
91 63 
54 18 
64 1 
84 71 
49 13 
15 57 
65 70 
6 0 
32 58 
61 99 
7 60 
63 64 
100 41 
28 20 
13 69 
32 84 
37 30 
88 72 
16 54 
97 47 
97 29 
66 76 
80 18 
93 85 
73 65 
45 4 
26 100 
54 25 
60 88 
15 80 
94 76 
53 23 
0 9 
15 93 
73 13 
36 53 
92 20 
94 8 
57 48 
24 62 
47 2 
77 75 
38 82 
82 8 
85 76 
33 43 
96 48 
37 42 
4 22 
68 33 
97 35 
83 51 
80 1 
59 19 
0 37 
87 12 
87 65 
93 85 
100 89 
4 7 
63 45 
49 87 
75 96 
97 55 
14 84 
64 10 
42 49 
93 56 
27 95 
79 36 
22 56 
1 98 
9 40 
58 51 
55 65 
94 29 
100 25 
80 62 
36 71 
78 7 
48 96 
23 78 
96 53 
34 54 
47 99 
97 40 
74 12 
13 99 
92 39 
57 25 
87 88 
80 86 
5 31 
65 21 
41 80 
24 55 
49 52 
90 48 
48 89 
87 36 
90 93 
100 41 
1 19 
25 34 
35 18 
43 7 
68 35 
54 93 
51 40 
67 56 
13 72 
2 66 
56 11 
95 48 
82 98 
28 86 
17 5 
24 21 
23 3 
26 56 
54 72 
93 60 
54 75 
13 74 
76 12 
84 47 
43 62 
50 4 
98 18 
26 43 
56 75 
0 32 
42 8 
30 97 
17 41 
100 59 
84 39 
44 90 
16 94 
53 18 
0 23 
32 98 
38 66 
32 46 
89 12 
24 63 
61 0 
76 52 
95 36 
19 17 
15 54 
81 45 
11 100 
68 39 
90 51 
32 40 
18 79 
38 73 
63 43 
100 39 
94 72 
78 27 
62 24 
85 73 
67 64 
57 35 
11 19 
18 7 
66 41 
17 18 
44 41 
1 22 
85 60 
81 57 
46 37 
54 14 
38 70 
96 4 
2 71 
20 94 
0 6 
35 76 
62 60 
88 44 
89 14 
57 7 
100 90 
77 39 
70 30 
88 65 
89 99 
37 25 
0 66 
25 20 
95 12 
61 48 
42 92 
89 19 
54 44 
82 94 
8 13 
23 64 
98 7 
80 45 
3 80 
3 98 
100 50 
61 40 
57 82 
67 8 
87 16 
0 70 
95 43 
55 5 
27 78 
49 91 
98 49 
76 3 
90 17 
12 63 
44 77 
32 16 
64 99 
71 76 
18 44 
65 32 
44 96 
82 36 
62 100 
20 39 
38 48 
97 30 
94 28 
70 4 
24 4 
15 64 
100 2 
3 47 
38 4 
56 51 
31 33 
0 98 
87 65 
52 40 
85 58 
25 33 
33 26 
23 48 
69 47 
20 42 
83 97 
9 91 
40 20 
47 15 
8 54 
28 31 
66 100 
64 63 
25 36 
37 38 
69 50 
47 49 
96 40 
1 64 
38 73 
23 40 
7 53 
36 65 
11 24 
14 60 
72 95 
6 76 
50 51 
24 38 
79 40 
4 90 
50 25 
97 69 
93 27 
16 28 
70 49 
20 54 
87 96 
1 18 
28 40 
25 73 
80 43 
76 89 
98 59 
44 99 
2 39 
89 44 
50 77 
5 77 
58 24 
52 59 
6 28 
4 85 
65 34 
2 54 
4 36 
98 45 
88 45 
7 33 
14 31 
27 16 
88 57 
8 39 
43 98 
19 59 
91 13 
12 42 
4 41 
0 9 
55 74 
10 31 
60 20 
17 0 
21 1 
85 6 
92 30 
75 17 
87 30 
38 84 
95 87 
47 70 
15 63 
18 90 
31 69 
4 44 
18 10 
47 37 
37 44 
88 52 
77 23 
31 82 
64 56 
40 47 
74 32 
84 22 
57 45 
21 55 
69 100 
78 77 
73 85 
35 48 
32 77 
66 56 
94 12 
14 61 
2 97 
90 6 
28 5 
85 28 
80 52 
0 27 
89 95 
28 49 
97 98 
92 12 
28 39 
84 33 
20 77 
100 24 
17 3 
26 60 
54 24 
41 24 
69 52 
65 31 
82 84 
76 60 
79 20 
23 19 
65 47 
86 60 
53 39 
67 4 
64 85 
70 52 
50 76 
75 56 
14 47 
62 95 
40 7 
73 7 
21 20 
62 81 
31 37 
57 66 
99 73 
86 93 
15 41 
10 62 
52 19 
50 8 
54 60 
26 19 
9 34 
60 39 
82 63 
51 44 
6 59 
32 57 
9 36 
84 95 
88 48 
70 77 
98 63 
3 48 
9 79 
85 5 
80 9 
41 25 
86 98 
33 22 
59 27 
22 53 
17 38 
26 25 
63 21 
22 12 
0 59 
18 0 
59 53 
32 44 
97 0 
17 57 
91 4 
49 72 
47 81 
65 78 
18 37 
70 75 
48 17 
91 12 
42 71 
58 46 
84 41 
49 63 
28 75 
4 91 
16 14 
62 16 
92 30 
14 33 
25 97 
29 98 
38 74 
14 91 
53 80 
98 86 
75 19 
46 97 
1 84 
66 20 
67 15 
83 86 
18 34 
31 22 
16 75 
33 8 
70 66 
29 9 
62 25 
46 32 
58 96 
30 31 
44 68 
42 25 
55 81 
30 61 
30 29 
17 67 
83 43 
54 82 
34 3 
32 50 
76 2 
63 70 
36 72 
22 72 
14 81 
9 30 
69 6 
24 51 
8 59 
8 36 
84 50 
4 39 
13 27 
42 67 
97 45 
9 63 
19 88 
25 30 
22 80 
32 69 
56 60 
35 4 
30 60 
89 9 
18 14 
81 89 
75 24 
79 57 
91 72 
66 13 
93 39 
78 48 
52 54 
38 4 
72 41 
0 79 
89 50 
56 4 
86 59 
49 62 
90 20 
69 86 
75 51 
3 59 
34 12 
91 13 
96 41 
99 20 
91 42 
36 24 
89 6 
65 74 
26 9 
80 96 
82 77 
19 85 
12 73 
67 95 
83 39 
9 19 
4 25 
81 71 
29 20 
86 62 
50 12 
59 15 
41 71 
60 65 
20 3 
86 63 
35 29 
37 96 
38 56 
72 91 
81 37 
17 71 
15 67 
58 54 
64 3 
19 93 
71 30 
51 21 
70 43 
100 99 
9 19 
28 69 
82 55 
21 77 
52 10 
75 40 
13 89 
5 97 
78 96 
82 80 
3 92 
79 57 
87 73 
4 22 
17 29 
51 97 
95 52 
18 46 
56 85 
58 19 
32 54 
68 51 
33 36 
1 90 
42 31 
83 9 
93 72 
25 88 
20 65 
37 28 
81 48 
90 79 
64 23 
71 98 
53 96 
73 84 
15 0 
38 1 
8 61 
14 17 
3 11 
3 33 
38 63 
9 11 
57 36 
87 75 
48 16 
57 22 
13 78 
70 64 
72 83 
59 80 
31 63 
69 49 
85 57 
21 23 
66 50 
30 48 
81 46 
96 28 
72 38 
84 65 
24 52 
40 54 
33 31 
84 33 
14 94 
37 82 
48 51 
21 86 
86 97 
70 2 
2 95 
93 18 
69 74 
79 66 
72 91 
79 5 
26 49 
79 25 
24 87 
94 19 
32 22 
2 21 
5 11 
18 61 
18 4 
90 95 
54 13 
96 53 
51 48 
54 29 
87 30 
57 0 
65 16 
97 89 
80 81 
14 91 
8 2 
37 2 
59 32 
42 100 
17 46 
11 3 
35 39 
97 1 
100 95 
48 88 
35 57 
52 24 
65 18 
66 6 
0 22 
39 23 
97 78 
60 22 
72 18 
12 10 
76 51 
68 72 
40 27 
98 31 
62 44 
83 46 
66 18 
30 52 
78 93 
11 21 
92 28 
97 22 
16 37 
55 49 
69 60 
0 3 
90 82 
3 51 
47 42 
82 74 
13 55 
56 8 
92 3 
32 71 
27 70 
45 54 
17 80 
52 80 
30 44 
30 80 
33 80 
35 100 
4 33 
30 35 
39 15 
84 67 
20 18 
69 59 
82 22 
13 61 
93 59 
57 47 
100 70 
75 24 
67 14 
27 72 
27 21 
88 39 
69 83 
82 81 
43 4 
44 54 
29 32 
75 58 
30 27 
28 23 
46 7 
62 76 
24 5 
18 1 
77 29 
20 93 
79 94 
0 36 
81 52 
55 84 
11 2 
91 54 
36 86 
60 26 
6 32 
67 1 
38 81 
5 75 
76 59 
92 21 
55 14 
29 83 
51 35 
43 4 
94 22 
40 35 
28 46 
84 63 
38 61 
82 15 
89 55 
3 80 
62 67 
1 68 
37 95 
58 47 
68 69 
35 43 
41 4 
59 35 
3 58 
39 23 
20 100 
60 48 
24 32 
79 60 
69 29 
62 75 
2 97 
73 81 
73 46 
50 77 
24 10 
51 35 
57 58 
39 82 
67 36 
2 67 
41 6 
2 68 
83 71 
64 60 
54 11 
34 31 
87 35 
32 31 
1 96 
54 4 
91 62 
12 42 
57 45 
35 30 
23 57 
19 85 
8 91 
85 1 
74 36 
57 93 
15 8 
58 19 
3 83 
47 17 
4 7 
82 15 
99 85 
32 46 
7 51 
90 88 
86 5 
54 83 
55 78 
27 69 
90 16 
31 42 
16 3 
57 26 
23 42 
36 19 
56 78 
66 20 
56 23 
93 15 
41 80 
27 38 
50 42 
46 49 
56 75 
85 75 
74 21 
2 79 
4 23 
33 5 
5 7 
39 94 
93 62 
29 35 
85 68 
78 76 
73 62 
72 100 
87 35 
71 84 
95 40 
67 48 
9 59 
15 34 
93 0 
72 5 
24 28 
54 87 
24 46 
24 59 
27 33 
10 33 
90 67 
67 77 
4 53 
87 52 
25 66 
7 2 
80 59 
29 72 
13 55 
16 67 
97 5 
25 79 
41 5 
45 95 
85 22 
43 34 
45 13 
93 44 
63 37 
41 56 
2 17 
61 77 
77 68 
16 62 
66 13 
43 38 
34 61 
67 15 
81 36 
45 67 
86 30 
29 61 
93 9 
41 70 
68 33 
33 43 
26 2 
62 88 
45 33 
88 65 
9 58 
43 3 
77 12 
3 95 
47 45 
51 23 
12 75 
16 6 
55 24 
9 46 
68 86 
83 76 
35 34 
31 72 
72 53 
75 62 
82 5 
67 80 
38 87 
29 50 
9 52 
3 6 
24 69 
9 4 
69 12 
31 25 
56 29 
39 23 
77 89 
69 44 
89 23 
70 38 
100 70 
64 81 
51 87 
67 7 
55 76 
60 10 
8 0 
12 63 
16 49 
91 88 
17 52 
96 71 
38 54 
69 11 
43 27 
32 28 
39 40 
25 66 
61 87 
1 84 
50 49 
25 6 
39 40 
9 89 
36 66 
67 39 
9 41 
53 65 
79 28 
27 18 
59 19 
60 38 
100 24 
43 53 
33 66 
67 5 
38 85 
10 65 
2 20 
98 78 
24 97 
100 11 
12 20 
61 3 
73 12 
57 40 
43 87 
8 1 
28 40 
18 17 
10 38 
10 8 
82 87 
83 22 
4 31 
42 16 
82 76 
83 30 
22 87 
3 53 
92 8 
67 19 
10 92 
0 36 
25 2 
16 55 
47 66 
46 5 
86 42 
68 59 
80 72 
96 81 
19 86 
90 5 
64 76 
2 69 
60 28 
57 17 
35 10 
58 16 
83 19 
49 68 
52 36 
46 88 
18 5 
5 31 
6 97 
1 87 
75 82 
0 48 
1 90 
53 56 
13 78 
12 64 
80 31 
11 67 
10 36 
60 96 
64 23 
40 92 
93 48 
97 66 
91 92 
13 16 
47 97 
1 65 
74 92 
60 21 
54 38 
12 77 
33 85 
29 3 
9 78 
45 51 
5 79 
87 11 
87 45 
100 92 
65 53 
74 43 
59 14 
55 24 
61 85 
81 2 
44 4 
57 14 
78 56 
8 31 
8 53 
13 39 
10 22 
1 84 
89 86 
31 16 
60 87 
72 94 
87 88 
7 70 
2 99 
9 71 
93 2 
76 30 
22 47 
11 99 
8 88 
71 55 
90 67 
50 48 
40 58 
19 2 
44 15 
10 25 
24 46 
100 99 
23 50 
94 47 
89 35 
70 66 
53 8 
83 17 
4 70 
7 32 
48 3 
88 54 
86 84 
13 48 
77 65 
59 70 
57 21 
62 51 
13 79 
2 31 
82 22 
73 79 
86 55 
88 40 
4 32 
47 42 
81 93 
49 37 
94 93 
79 4 
100 74 
81 57 
71 23 
42 71 
47 1 
8 31 
95 31 
83 81 
77 2 
96 44 
66 91 
50 55 
11 24 
28 83 
52 88 
91 83 
95 35 
57 2 
6 21 
37 40 
50 23 
96 56 
61 24 
24 4 
13 84 
1 57 
61 81 
90 91 
75 50 
77 16 
57 92 
26 43 
39 59 
53 82 
29 81 
89 11 
6 51 
58 0 
75 100 
75 33 
45 27 
8 64 
44 3 
94 76 
27 33 
51 72 
33 65 
99 17 
74 85 
46 0 
14 8 
44 62 
2 56 
42 7 
92 31 
96 6 
60 62 
14 45 
86 22 
77 84 
57 31 
68 17 
11 9 
23 85 
13 97 
83 50 
87 4 
39 21 
72 85 
99 9 
32 15 
64 77 
18 48 
54 50 
77 4 
88 51 
49 23 
22 16 
2 48 
99 55 
83 14 
21 49 
78 62 
24 46 
77 59 
52 84 
3 42 
59 54 
87 75 
65 91 
86 55 
67 27 
78 89 
13 27 
89 43 
61 90 
77 88 
98 80 
91 29 
18 12 
36 6 
32 39 
46 49 
15 33 
99 26 
90 30 
92 7 
53 98 
28 54 
50 28 
37 12 
8 81 
74 12 
98 27 
60 78 
83 3 
94 13 
27 7 
22 45 
89 6 
61 49 
94 68 
99 42 
29 89 
18 43 
33 48 
23 28 
96 52 
83 31 
0 33 
45 97 
92 90 
32 60 
7 56 
83 74 
1 63 
22 86 
15 70 
43 85 
54 34 
46 22 
100 22 
99 34 
2 47 
29 86 
36 28 
4 75 
77 8 
86 72 
8 59 
61 100 
65 51 
56 46 
31 3 
63 54 
21 24 
24 43 
26 34 
95 47 
100 10 
72 28 
86 1 
69 31 
52 24 
17 55 
62 99 
75 36 
74 65 
77 41 
73 25 
35 76 
24 76 
72 46 
19 43 
10 57 
12 75 
8 26 
28 52 
83 68 
63 100 
9 67 
22 17 
83 91 
92 48 
82 68 
11 26 
5 1 
69 83 
76 91 
7 1 
39 55 
94 51 
30 76 
64 36 
19 63 
95 36 
96 63 
84 93 
77 62 
89 61 
6 63 
22 36 
79 74 
75 69 
22 59 
8 63 
18 86 
33 38 
24 52 
73 88 
80 55 
80 23 
79 27 
29 68 
66 99 
55 4 
95 38 
94 68 
64 12 
59 54 
17 33 
8 71 
7 79 
5 77 
100 48 
39 77 
46 45 
19 85 
11 86 
63 31 
46 9 
1 62 
7 28 
75 37 
46 75 
80 70 
35 49 
100 8 
97 60 
81 53 
37 94 
80 19 
17 20 
9 50 
28 52 
90 25 
50 2 
18 13 
56 25 
94 71 
52 91 
95 66 
13 33 
64 4 
40 96 
8 16 
15 88 
98 20 
13 3 
7 8 
33 54 
15 88 
61 72 
46 94 
54 2 
20 6 
32 28 
67 79 
75 98 
51 1 
94 23 
12 46 
83 80 
92 18 
55 46 
65 1 
29 73 
46 76 
57 68 
85 40 
71 67 
63 29 
66 46 
6 76 
72 100 
74 60 
41 48 
72 14 
48 13 
44 13 
90 49 
71 77 
82 54 
40 44 
38 54 
28 13 
5 84 
23 9 
46 67 
3 28 
91 60 
38 97 
41 87 
25 13 
89 17 
74 43 
81 98 
23 39 
65 25 
39 56 
0 1 
13 73 
24 81 
48 87 
7 84 
72 96 
11 74 
95 37 
33 19 
55 46 
82 4 
56 20 
87 25 
73 15 
35 98 
34 81 
97 99 
56 84 
24 5 
21 29 
47 88 
68 95 
66 41 
98 46 
59 27 
42 63 
74 2 
48 9 
17 89 
11 1 
81 29 
41 88 
3 92 
64 23 
87 3 
61 57 
51 46 
26 21 
16 57 
89 94 
4 13 
90 76 
23 76 
74 76 
1 81 
42 63 
64 26 
44 80 
62 67 
88 0 
65 16 
19 52 
76 27 
29 2 
20 60 
58 69 
51 2 
10 31 
98 4 
17 86 
93 94 
90 92 
52 99 
53 25 
28 44 
28 98 
93 87 
72 15 
38 3 
74 99 
30 17 
92 75 
52 80 
17 99 
56 92 
24 33 
97 27 
42 97 
47 14 
68 6 
34 53 
43 29 
34 45 
74 7 
78 76 
25 0 
24 71 
44 10 
100 76 
87 12 
50 10 
36 97 
76 24 
13 23 
77 95 
2 14 
81 91 
43 47 
41 96 
32 37 
65 50 
29 98 
24 83 
15 20 
60 44 
91 7 
13 100 
57 82 
15 50 
84 30 
84 44 
29 93 
75 77 
69 30 
88 48 
82 34 
9 34 
63 6 
55 9 
41 31 
25 47 
9 70 
31 63 
96 8 
23 53 
92 56 
25 2 
65 69 
5 41 
28 8 
28 84 
70 76 
87 95 
75 41 
32 25 
16 15 
26 92 
77 59 
41 84 
13 94 
39 65 
38 8 
11 18 
50 60 
37 54 
98 33 
79 11 
46 44 
91 66 
88 56 
66 93 
52 22 
37 50 
15 80 
65 94 
45 78 
74 73 
64 52 
81 84 
86 100 
31 64 
37 85 
22 90 
73 35 
55 7 
78 31 
21 50 
79 81 
72 44 
85 97 
15 10 
5 81 
100 96 
28 70 
55 74 
55 97 
34 23 
94 48 
13 44 
99 14 
53 8 
70 68 
17 46 
48 41 
80 65 
4 18 
50 18 
83 78 
70 64 
70 16 
95 90 
67 76 
84 89 
88 97 
78 38 
52 54 
87 72 
20 86 
92 4 
70 43 
71 74 
67 16 
53 82 
34 78 
11 83 
75 22 
49 65 
43 75 
91 31 
62 74 
52 83 
57 88 
19 41 
53 29 
87 99 
32 37 
80 77 
66 9 
27 80 
17 64 
96 4 
34 96 
69 27 
39 41 
64 2 
96 49 
15 31 
14 19 
82 35 
17 24 
60 93 
40 4 
38 60 
8 79 
57 35 
32 70 
82 8 
8 85 
89 87 
94 80 
16 70 
97 78 
95 55 
77 37 
67 59 
80 10 
49 16 
40 73 
7 53 
69 88 
7 79 
33 79 
20 18 
79 72 
71 61 
33 81 
97 9 
34 66 
15 42 
94 14 
32 7 
53 22 
45 5 
78 79 
1 27 
35 72 
52 34 
6 99 
72 100 
63 10 
53 61 
11 13 
49 21 
80 69 
94 93 
66 15 
62 65 
21 16 
48 92 
22 88 
6 68 
1 48 
55 86 
14 25 
48 69 
59 63 
53 4 
66 46 
94 78 
83 78 
40 8 
83 20 
20 90 
95 64 
16 68 
87 59 
60 58 
92 31 
20 0 
66 61 
19 21 
82 93 
88 64 
56 84 
51 66 
88 74 
9 82 
98 3 
80 87 
3 5 
32 100 
65 94 
77 70 
70 39 
18 44 
15 64 
89 93 
30 53 
64 56 
42 54 
37 68 
48 25 
93 13 
72 35 
62 54 
55 18 
54 51 
50 14 
97 99 
9 18 
27 56 
86 98 
48 11 
100 71 
34 44 
88 57 
67 53 
44 34 
77 30 
15 82 
21 30 
60 61 
23 12 
60 37 
76 51 
84 67 
9 61 
8 85 
60 59 
55 63 
2 66 
79 83 
37 78 
77 11 
14 18 
87 84 
50 42 
34 41 
74 54 
31 40 
4 51 
74 7 
9 11 
58 25 
77 94 
36 37 
6 0 
39 64 
17 67 
43 57 
15 58 
64 8 
6 93 
4 18 
13 84 
32 62 
13 87 
95 86 
55 95 
40 90 
20 47 
87 9 
10 61 
23 67 
56 74 
42 0 
60 14 
95 22 
29 89 
16 92 
23 97 
59 65 
37 99 
84 78 
49 80 
85 52 
86 75 
74 9 
44 94 
76 17 
37 42 
51 42 
26 80 
5 67 
86 97 
99 8 
10 88 
18 57 
17 7 
31 10 
41 26 
36 68 
4 71 
7 23 
75 82 
88 78 
58 50 
91 64 
13 98 
85 56 
27 89 
0 79 
62 18 
66 94 
78 0 
68 5 
7 38 
96 58 
36 72 
79 9 
42 98 
7 57 
18 80 
79 27 
52 11 
67 19 
75 31 
16 24 
16 63 
48 91 
32 56 
4 14 
3 82 
99 94 
49 90 
94 66 
27 40 
9 6 
9 59 
100 20 
61 82 
63 62 
97 62 
17 35 
44 95 
62 68 
27 45 
19 61 
55 38 
17 81 
19 88 
3 14 
22 51 
72 22 
18 37 
95 34 
32 20 
32 36 
51 9 
1 87 
16 65 
30 17 
68 86 
42 66 
4 24 
86 84 
67 68 
96 11 
22 83 
14 52 
6 100 
11 29 
79 69 
80 70 
96 34 
56 58 
10 79 
6 89 
96 26 
11 62 
85 28 
5 37 
30 22 
24 75 
3 11 
51 16 
52 31 
15 48 
81 58 
67 30 
27 88 
34 25 
92 45 
49 4 
37 12 
98 87 
0 47 
78 56 
63 14 
6 1 
72 94 
24 38 
60 1 
100 7 
32 1 
53 87 
49 96 
40 44 
3 19 
99 97 
0 42 
14 62 
43 90 
41 75 
62 82 
14 52 
47 23 
5 45 
7 85 
22 67 
84 94 
40 84 
25 26 
19 52 
46 37 
46 57 
42 2 
43 73 
97 39 
21 35 
63 75 
99 89 
18 49 
87 62 
52 28 
71 25 
73 42 
78 0 
48 56 
90 45 
85 51 
83 97 
55 74 
9 81 
43 98 
40 29 
63 56 
68 11 
100 6 
92 22 
35 91 
41 17 
18 90 
12 61 
82 14 
44 11 
85 9 
34 76 
61 59 
94 4 
47 86 
3 86 
20 54 
84 67 
65 42 
8 54 
43 5 
75 11 
96 75 
48 67 
93 91 
74 47 
60 37 
91 6 
28 71 
53 40 
16 94 
45 81 
47 56 
85 64 
69 32 
30 44 
90 30 
27 80 
0 70 
38 85 
47 35 
17 89 
74 38 
80 82 
100 3 
61 12 
32 97 
46 49 
26 38 
52 41 
72 13 
82 4 
98 3 
38 37 
83 30 
73 80 
62 84 
89 96 
44 27 
83 43 
40 47 
69 98 
99 57 
85 60 
32 72 
7 36 
23 8 
63 88 
36 40 
46 0 
89 67 
13 87 
74 9 
92 60 
23 88 
21 78 
14 31 
66 14 
3 48 
1 62 
21 91 
43 30 
28 46 
92 12 
91 94 
68 50 
98 12 
95 26 
30 50 
91 57 
50 1 
86 71 
83 41 
66 13 
83 35 
72 34 
52 92 
34 6 
66 30 
98 22 
89 94 
28 80 
53 29 
35 61 
83 27 
16 28 
39 33 
59 26 
78 16 
4 62 
85 41 
37 39 
92 74 
80 67 
62 12 
96 57 
82 80 
37 97 
63 80 
10 42 
42 31 
72 50 
79 72 
34 66 
73 83 
10 59 
21 97 
57 46 
84 36 
49 75 
38 50 
73 0 
96 71 
80 40 
35 37 
85 72 
9 43 
36 16 
6 32 
46 3 
81 3 
15 3 
92 70 
62 22 
65 49 
59 92 
10 95 
61 22 
53 70 
75 34 
48 10 
85 99 
90 7 
53 18 
51 15 
28 81 
71 49 
30 62 
58 91 
82 0 
14 9 
36 17 
58 26 
20 79 
50 47 
25 30 
77 5 
84 19 
24 59 
11 25 
74 40 
51 62 
8 50 
76 50 
63 31 
79 8 
71 72 
79 27 
22 97 
83 91 
25 31 
81 78 
23 15 
79 6 
1 46 
26 62 
46 24 
75 43 
53 25 
78 15 
54 10 
88 44 
80 96 
19 74 
28 59 
49 85 
22 70 
31 94 
69 33 
68 98 
52 31 
82 25 
72 76 
82 1 
58 20 
69 63 
20 25 
48 5 
100 14 
74 49 
82 47 
87 73 
18 49 
52 91 
79 75 
47 22 
56 12 
85 84 
86 18 
79 75 
9 41 
76 46 
37 77 
7 95 
62 63 
49 3 
50 47 
17 16 
18 94 
20 47 
49 51 
73 43 
40 43 
57 36 
91 42 
37 76 
13 54 
30 70 
98 90 
91 86 
49 100 
9 7 
21 37 
15 95 
15 58 
99 56 
62 28 
75 62 
100 55 
37 31 
81 39 
88 68 
67 91 
22 91 
66 21 
99 4 
63 9 
81 53 
19 72 
21 31 
36 43 
1 82 
87 73 
96 23 
47 38 
39 83 
88 82 
76 69 
45 78 
36 74 
36 86 
4 66 
15 12 
64 23 
5 17 
0 19 
60 35 
69 1 
10 50 
30 75 
5 37 
27 56 
64 9 
52 20 
5 66 
15 58 
44 40 
46 48 
93 5 
11 81 
12 59 
42 87 
31 73 
47 39 
28 93 
93 25 
46 68 
51 68 
92 53 
58 40 
77 10 
59 27 
61 70 
75 47 
17 89 
9 6 
87 65 
48 59 
19 1 
21 84 
26 85 
41 91 
78 29 
58 51 
49 43 
92 87 
97 23 
71 83 
17 2 
68 98 
68 77 
75 66 
88 31 
82 88 
14 32 
40 37 
98 86 
74 22 
92 13 
100 87 
100 65 
88 36 
46 17 
93 38 
66 23 
13 15 
77 33 
86 9 
93 37 
23 42 
55 18 
93 91 
44 8 
68 18 
83 77 
85 11 
73 51 
13 74 
54 28 
57 35 
55 54 
57 54 
44 16 
57 78 
92 84 
54 1 
100 42 
66 16 
95 57 
62 84 
21 69 
26 94 
34 29 
78 57 
87 0 
83 39 
34 3 
16 17 
11 36 
34 84 
55 83 
100 17 
75 3 
14 44 
65 84 
52 60 
53 88 
62 45 
30 87 
44 33 
14 57 
31 63 
81 65 
63 86 
90 83 
8 53 
52 78 
65 81 
63 96 
43 77 
5 52 
42 76 
49 48 
4 88 
80 84 
41 72 
70 48 
88 8 
75 60 
21 42 
58 26 
44 77 
52 87 
44 42 
13 45 
46 26 
35 19 
65 35 
19 3 
61 92 
83 58 
18 7 
68 58 
100 18 
57 65 
85 98 
47 13 
35 29 
89 44 
65 44 
90 37 
34 54 
83 94 
37 44 
73 40 
19 50 
66 81 
1 17 
96 86 
91 33 
8 62 
22 8 
53 75 
22 94 
32 43 
1 13 
31 96 
100 17 
73 49 
63 62 
61 52 
50 69 
15 20 
91 76 
35 78 
10 31 
19 21 
25 78 
7 31 
9 53 
26 77 
90 43 
59 49 
21 6 
23 48 
53 6 
93 62 
51 9 
17 72 
35 23 
29 75 
60 88 
13 52 
11 26 
4 42 
78 4 
29 2 
11 10 
18 78 
2 21 
54 42 
5 9 
71 38 
82 54 
53 97 
95 23 
90 72 
26 16 
74 66 
16 25 
96 83 
69 70 
54 17 
94 84 
46 39 
25 30 
85 34 
61 40 
10 33 
79 89 
82 33 
57 39 
84 51 
7 15 
2 16 
91 49 
52 8 
78 72 
58 73 
76 0 
66 80 
49 98 
9 5 
78 9 
5 42 
89 25 
76 16 
86 37 
19 92 
92 41 
95 97 
94 93 
5 80 
80 56 
44 80 
71 72 
71 51 
84 96 
61 24 
10 19 
32 9 
0 76 
60 95 
13 60 
20 73 
31 62 
31 63 
55 9 
30 88 
14 26 
20 52 
80 60 
69 72 
72 89 
42 92 
28 24 
23 46 
17 83 
38 77 
68 17 
90 61 
34 99 
93 46 
95 3 
52 97 
43 23 
100 20 
50 80 
72 63 
90 84 
26 19 
29 17 
41 32 
33 4 
75 25 
53 81 
98 71 
83 47 
99 68 
32 75 
68 5 
99 44 
52 43 
57 23 
57 90 
21 25 
8 43 
57 14 
87 34 
46 26 
53 7 
60 81 
15 32 
39 35 
77 33 
30 72 
40 51 
34 51 
48 24 
49 35 
5 9 
40 1 
69 15 
68 16 
40 76 
95 53 
61 69 
59 1 
81 64 
59 68 
47 51 
69 40 
56 18 
28 4 
32 6 
69 34 
24 12 
98 18 
75 81 
66 99 
33 40 
8 18 
33 22 
6 96 
67 41 
98 85 
17 86 
54 5 
3 52 
83 98 
59 69 
44 43 
69 17 
26 33 
47 20 
11 82 
35 71 
8 14 
55 74 
31 13 
47 76 
73 67 
9 70 
7 100 
28 10 
67 91 
9 44 
72 2 
49 29 
37 20 
90 52 
71 65 
36 6 
91 18 
37 34 
81 95 
37 32 
92 7 
58 95 
36 60 
46 65 
80 59 
91 72 
69 0 
1 13 
23 98 
33 12 
10 59 
77 89 
49 14 
28 54 
91 17 
69 39 
69 82 
52 4 
43 32 
21 42 
33 13 
76 55 
38 98 
0 24 
0 6 
2 90 
69 5 
10 86 
73 57 
92 65 
34 29 
64 43 
80 21 
72 52 
98 73 
19 89 
60 8 
21 62 
34 20 
28 88 
97 31 
24 26 
53 20 
69 37 
71 49 
27 87 
13 56 
19 53 
96 29 
17 80 
83 24 
23 100 
93 72 
81 72 
56 97 
90 79 
1 18 
3 83 
33 49 
42 47 
33 54 
26 73 
19 12 
63 52 
29 35 
72 39 
61 37 
28 40 
33 79 
18 56 
3 58 
32 91 
27 79 
61 56 
74 65 
94 25 
19 31 
48 76 
37 41 
48 82 
47 59 
75 59 
54 82 
19 91 
55 96 
72 6 
35 2 
83 31 
52 3 
60 12 
71 25 
67 37 
9 49 
45 69 
85 7 
100 85 
70 59 
76 43 
14 51 
93 42 
19 89 
98 21 
1 23 
11 13 
79 100 
75 98 
65 82 
96 60 
61 91 
23 29 
68 40 
41 24 
41 16 
65 1 
29 98 
93 70 
45 7 
22 11 
3 78 
38 6 
93 71 
1 62 
91 42 
86 33 
46 20 
92 53 
51 100 
65 85 
9 51 
98 55 
84 2 
18 2 
33 31 
84 20 
28 81 
70 26 
57 89 
96 84 
78 63 
15 55 
7 60 
100 17 
55 3 
50 25 
42 73 
27 17 
67 56 
94 68 
86 66 
76 1 
52 53 
88 12 
95 29 
19 14 
27 49 
32 27 
56 10 
95 39 
1 13 
3 94 
4 5 
7 26 
51 81 
95 92 
29 54 
39 14 
4 67 
37 24 
13 80 
75 19 
64 48 
86 28 
83 16 
23 94 
91 82 
60 95 
93 68 
9 44 
45 5 
75 64 
67 37 
42 18 
60 82 
92 28 
16 96 
88 50 
41 66 
46 12 
24 80 
72 95 
74 55 
24 98 
68 25 
13 5 
24 10 
66 92 
68 23 
1 23 
67 32 
18 100 
27 23 
2 20 
52 9 
85 22 
37 95 
57 64 
21 88 
79 12 
17 85 
80 70 
64 30 
9 85 
28 46 
82 12 
18 45 
32 27 
18 81 
12 38 
0 38 
100 52 
50 76 
67 61 
63 57 
38 80 
77 74 
7 90 
66 18 
17 21 
58 32 
94 74 
6 55 
50 62 
12 37 
21 27 
36 61 
60 82 
30 59 
79 61 
82 61 
67 33 
91 25 
98 45 
44 12 
23 6 
39 81 
69 63 
10 14 
11 6 
61 62 
46 25 
5 47 
82 100 
47 100 
30 45 
53 51 
92 22 
31 21 
21 34 
12 94 
50 59 
8 80 
32 81 
10 22 
47 85 
65 16 
77 8 
66 16 
43 81 
51 38 
68 86 
57 60 
12 49 
87 59 
16 86 
80 70 
24 17 
68 46 
11 6 
56 45 
85 41 
24 57 
40 4 
24 36 
89 49 
15 75 
54 96 
34 90 
56 71 
51 100 
77 68 
83 7 
96 69 
82 74 
36 57 
54 22 
6 96 
12 77 
78 6 
22 96 
67 28 
80 55 
0 1 
90 11 
35 61 
13 61 
55 90 
79 32 
38 15 
52 22 
91 18 
95 29 
32 14 
36 67 
20 59 
2 74 
14 79 
34 97 
87 24 
81 42 
80 7 
61 22 
20 49 
1 11 
58 33 
11 12 
20 54 
20 83 
28 76 
38 91 
87 25 
62 18 
33 13 
25 100 
71 63 
100 12 
86 55 
27 51 
29 91 
34 86 
68 88 
29 83 
87 7 
4 88 
52 60 
41 9 
45 51 
87 20 
92 49 
38 45 
72 73 
15 59 
70 14 
22 97 
36 33 
92 66 
23 10 
53 83 
85 33 
27 69 
24 2 
22 12 
15 9 
15 93 
26 61 
43 64 
78 21 
99 34 
94 60 
35 39 
44 46 
100 99 
98 88 
87 11 
22 25 
28 30 
14 23 
83 80 
29 45 
84 91 
73 9 
30 55 
46 9 
49 79 
61 3 
12 74 
95 46 
84 21 
17 63 
51 25 
58 77 
4 7 
42 79 
51 78 
6 71 
47 48 
63 15 
91 18 
6 82 
89 86 
5 56 
1 6 
65 25 
54 63 
3 13 
14 100 
98 40 
92 93 
4 74 
57 29 
84 2 
52 73 
76 20 
85 8 
65 75 
39 68 
29 72 
11 22 
86 99 
6 63 
10 15 
37 65 
99 67 
81 19 
71 60 
89 27 
17 19 
74 62 
4 87 
43 75 
30 51 
41 72 
30 43 
7 59 
59 9 
13 17 
93 29 
11 69 
67 0 
10 49 
75 50 
47 97 
87 98 
69 88 
11 92 
28 73 
48 97 
77 20 
31 30 
12 27 
28 7 
23 22 
26 89 
72 40 
11 98 
83 38 
93 76 
69 92 
4 51 
45 53 
99 15 
3 47 
45 81 
95 76 
88 31 
88 51 
50 84 
32 2 
95 100 
91 28 
75 25 
88 47 
67 98 
24 58 
3 90 
82 80 
99 50 
92 33 
82 43 
98 94 
89 95 
92 60 
97 93 
94 38 
76 15 
35 51 
89 77 
64 23 
89 8 
26 83 
50 12 
85 40 
59 74 
96 75 
59 5 
91 16 
100 42 
30 67 
55 60 
59 64 
27 4 
30 60 
87 27 
73 44 
11 93 
8 33 
84 90 
8 80 
19 67 
10 21 
31 80 
16 59 
3 41 
2 58 
92 10 
0 37 
20 3 
35 97 
23 83 
95 76 
70 31 
70 86 
5 51 
51 85 
92 90 
97 10 
49 57 
85 80 
93 38 
59 56 
70 45 
18 56 
70 20 
0 65 
72 50 
48 61 
62 52 
29 36 
7 60 
65 67 
14 75 
75 30 
25 39 
11 4 
91 98 
91 43 
92 23 
58 36 
78 8 
16 12 
60 38 
54 29 
12 27 
79 59 
44 94 
3 5 
79 85 
98 58 
41 17 
43 9 
26 42 
72 14 
89 87 
32 25 
27 100 
0 36 
97 6 
93 3 
14 78 
57 87 
63 75 
45 99 
12 70 
24 35 
97 17 
74 59 
56 31 
55 36 
43 32 
48 13 
47 53 
27 64 
86 63 
63 46 
88 90 
45 28 
16 48 
31 74 
99 78 
23 17 
93 59 
42 84 
70 53 
12 26 
38 62 
38 34 
23 3 
23 24 
9 31 
22 11 
80 37 
85 78 
65 77 
29 85 
10 93 
19 68 
11 63 
52 91 
73 34 
74 47 
60 7 
93 16 
87 67 
9 48 
33 83 
41 86 
98 91 
23 25 
71 7 
99 51 
87 49 
19 88 
26 9 
55 48 
34 3 
20 27 
57 93 
60 4 
5 19 
100 26 
67 92 
15 5 
87 84 
71 45 
43 26 
2 7 
30 20 
59 7 
30 77 
28 27 
44 73 
34 15 
91 21 
73 10 
23 79 
74 43 
95 4 
89 55 
26 61 
69 61 
92 96 
24 60 
1 81 
44 15 
98 55 
7 22 
35 40 
83 25 
53 4 
87 19 
23 9 
28 14 
42 16 
3 98 
0 49 
17 50 
69 46 
45 100 
33 91 
7 31 
83 23 
83 75 
53 78 
41 39 
53 39 
3 24 
41 15 
44 94 
19 93 
14 81 
26 61 
93 12 
2 39 
70 67 
96 89 
56 95 
7 0 
77 91 
49 70 
31 3 
39 92 
74 20 
10 41 
100 63 
86 25 
62 98 
22 63 
37 4 
32 99 
84 77 
74 60 
44 64 
23 97 
43 86 
44 89 
78 64 
22 41 
61 41 
25 11 
53 12 
37 73 
33 11 
95 54 
65 23 
95 45 
52 20 
97 62 
0 92 
40 80 
90 63 
16 4 
17 87 
73 59 
22 39 
64 0 
88 46 
19 86 
55 100 
93 54 
92 49 
76 87 
45 44 
84 63 
13 12 
12 51 
26 33 
65 35 
78 17 
42 48 
69 4 
37 45 
37 3 
47 42 
16 83 
28 22 
45 62 
68 69 
95 38 
64 78 
82 45 
19 96 
30 12 
73 37 
92 93 
92 25 
84 53 
35 80 
56 87 
32 73 
49 13 
55 89 
85 20 
21 92 
20 19 
88 7 
95 100 
32 100 
38 22 
8 29 
12 45 
8 81 
93 43 
96 20 
76 9 
90 73 
67 73 
61 42 
45 61 
99 20 
10 90 
62 49 
20 2 
23 64 
22 3 
55 93 
3 99 
18 21 
79 30 
23 42 
96 47 
51 97 
18 98 
100 64 
68 20 
79 65 
54 41 
77 81 
61 70 
10 96 
35 43 
52 18 
87 47 
6 29 
76 64 
74 85 
20 87 
100 90 
79 41 
35 22 
1 19 
21 81 
75 28 
86 41 
1 28 
39 18 
8 55 
47 8 
45 67 
41 95 
23 44 
74 71 
74 7 
87 48 
94 99 
62 68 
37 4 
28 3 
10 33 
79 72 
97 30 
51 28 
72 43 
7 32 
9 60 
33 95 
38 20 
99 98 
13 23 
17 20 
67 51 
56 68 
91 89 
58 26 
60 89 
14 73 
39 97 
0 16 
56 87 
43 71 
28 29 
24 57 
25 0 
48 42 
35 43 
27 84 
79 39 
80 91 
79 57 
25 8 
26 56 
57 43 
89 20 
94 18 
19 82 
92 64 
100 49 
81 72 
16 76 
42 49 
62 56 
13 27 
34 30 
84 72 
89 26 
29 11 
50 28 
36 18 
25 37 
97 44 
90 79 
39 83 
32 60 
94 71 
87 17 
93 51 
40 57 
76 57 
92 9 
4 95 
99 51 
97 93 
16 67 
7 50 
18 25 
29 68 
71 44 
83 66 
26 34 
15 100 
39 77 
59 20 
93 47 
3 26 
55 17 
84 83 
76 9 
9 75 
23 80 
59 55 
80 10 
48 35 
23 0 
85 28 
27 43 
36 26 
82 9 
83 78 
4 6 
92 99 
19 60 
89 98 
21 48 
94 24 
11 81 
22 49 
56 83 
1 79 
47 68 
0 96 
17 67 
9 49 
3 6 
2 99 
22 69 
83 1 
42 56 
65 59 
17 23 
45 28 
34 6 
11 3 
40 58 
97 46 
26 86 
85 18 
4 79 
43 52 
47 75 
42 20 
30 93 
24 53 
47 84 
94 73 
34 29 
34 76 
89 9 
17 65 
53 46 
99 10 
2 3 
63 36 
57 14 
59 19 
82 56 
29 41 
5 38 
87 14 
83 88 
54 76 
24 42 
91 23 
14 92 
6 50 
76 36 
19 54 
68 49 
15 32 
20 24 
42 61 
37 91 
11 89 
78 28 
83 33 
15 8 
14 77 
95 10 
68 5 
59 67 
83 14 
76 47 
35 48 
17 39 
39 69 
36 66 
99 51 
14 60 
87 6 
99 81 
5 80 
56 98 
40 30 
55 31 
25 71 
35 36 
49 100 
20 68 
60 82 
31 70 
24 19 
36 37 
23 21 
45 53 
72 49 
60 79 
92 69 
3 5 
69 61 
51 54 
26 85 
99 36 
42 66 
74 84 
96 47 
5 90 
68 70 
44 2 
8 71 
5 37 
98 21 
43 61 
99 69 
9 11 
7 91 
44 93 
96 89 
65 81 
33 89 
84 33 
1 57 
82 21 
68 0 
16 67 
2 59 
57 6 
19 1 
80 44 
31 8 
17 92 
37 25 
78 40 
28 56 
