0 784 92
1 569 74
2 452 111
3 209 22
4 584 111
5 399 343
6 612 617
7 487 200
8 129 652
9 619 779
10 844 637
11 24 397
12 881 766
13 325 178
14 40 364
15 719 41
16 697 570
17 992 845
18 214 684
19 850 835
20 841 430
21 579 454
22 557 65
23 784 538
24 169 392
25 454 76
26 986 68
27 755 623
28 820 730
29 88 496
30 479 999
31 520 975
32 343 499
33 870 664
34 768 46
35 863 578
36 844 570
37 369 922
38 460 211
39 375 497
40 354 549
41 791 945
42 302 470
43 575 165
44 540 874
45 548 137
46 45 711
47 623 514
48 930 238
49 960 625
50 995 930
51 577 651
52 676 272
53 720 116
54 970 985
55 974 388
56 915 166
57 484 746
58 525 752
59 84 554
60 123 210
61 775 193
62 853 672
63 922 808
64 248 735
65 344 319
66 710 96
67 379 196
68 497 742
69 182 482
70 187 93
71 791 63
72 148 385
73 741 409
74 242 701
75 196 976
76 712 807
77 75 998
78 207 230
79 513 301
80 305 960
81 289 675
82 841 327
83 305 752
84 482 36
85 703 263
86 348 302
87 276 593
88 444 942
89 427 54
90 1000 617
91 699 343
92 158 882
93 909 452
94 797 422
95 316 913
96 346 150
97 618 167
98 751 479
99 732 140
